0.1714985851425088
0.07624928516630221
0.04222003309207493
0.026266227392891656
0.017016128843095068
0.011185688710525271
0.007396681160200034
0.004906151394973109
0.0032599927114701117
0.0021686102276774768
0.0014436567801036164
0.0009615154345225964
0.0006406011305337535
0.0004268858045383694
0.0002845098786347312
0.00018963742270208553
0.00012640902919679859
8.426561242326943e-05
5.617393151636704e-05
3.7447890727927765e-05
2.4964639657086773e-05
1.6642817192585198e-05
1.1095088837401468e-05
7.396671392837646e-06
4.931090040666546e-06
3.287382595512577e-06
2.1915836125567545e-06
1.461053615406005e-06
9.740347984516114e-07
6.493561123118449e-07
4.329038882702276e-07
2.8860250910159183e-07
1.9240163589662318e-07
1.282677407835346e-07
8.551181996044397e-08
5.7007876754784e-08
3.8005249749498134e-08
2.53368324531426e-08
1.6891221406518623e-08
1.1260814218426364e-08
7.507209404379726e-09
5.004806244635673e-09
3.3365374484708182e-09
2.2243583309157065e-09
1.482905459594048e-09
9.886037309151109e-10
6.590691535107265e-10
4.3937928802665516e-10
2.929195621293561e-10
1.9527974491197544e-10
1.301865150229717e-10
8.679099157597289e-11
