0.17541160386140578
0.08650153315327808
0.034554917772266734
0.01562947289106503
0.007000736802127335
0.003158061306913203
0.0014261617106545044
0.0006446066544362325
0.0002914482532680165
0.00013179445369343527
5.960230121079455e-05
2.6955212733579418e-05
1.219070233512008e-05
5.51337474767703e-06
2.493489672559874e-06
1.1277120260116715e-06
5.100222358680475e-07
2.3066416389268478e-07
1.0432086955045861e-07
4.718047323608829e-08
2.1337984502110067e-08
9.650382055710839e-09
4.364511349777256e-09
1.973907098559195e-09
8.927253832285854e-10
4.037467207754463e-10
1.8259976922823168e-10
8.25831046554517e-11
