1.4663381659901045
0.3799216007885438
0.21197839599721302
0.10260440993385295
0.04815313200019718
0.022124428112633945
0.010079714930633943
0.004573683780402897
0.0020715968711186765
0.0009375382096313346
0.00042414321094552595
0.00019185075487169705
8.677242013543613e-05
3.9245066849456595e-05
1.7749320321945224e-05
8.02740818475636e-06
3.6305096409692395e-06
1.6419473277002074e-06
7.425925148675156e-07
3.3584724231447907e-07
1.5189131728164966e-07
6.86948347777029e-08
3.106813676230583e-08
1.4050970681690139e-08
6.354734948187748e-09
2.874011806905712e-09
1.2998093627669637e-09
5.878558297863875e-10
2.6586545099449426e-10
1.2024126498731528e-10
5.438046974968674e-11
