0.16666666666666663
0.06493506493506504
0.04892524863650935
0.03730321727987044
0.027957016481328825
0.02034534526573524
0.014375905261908909
0.009912410773813034
0.006709677948997163
0.004482170208048546
0.0029669353441862953
0.0019518284390732045
0.0012787365142112575
0.0008354739632202032
0.0005448831506060296
0.0003549455532643166
0.00023103904763524993
0.00015031095988087494
9.775829081932723e-05
6.356585455516905e-05
4.132699991823042e-05
2.6866100970794903e-05
1.7464248216072714e-05
1.135216148118324e-05
7.3789818236121454e-06
4.796310715647715e-06
3.11755139376282e-06
2.026361712153236e-06
1.3170989220437335e-06
8.560883087905429e-07
5.564394645377527e-07
3.616735537389039e-07
2.3507976034848147e-07
1.5279653315503815e-07
9.931426172923075e-08
6.45519907201629e-08
4.1957306725534046e-08
2.7271279868461745e-08
1.7725701078279715e-08
1.1521294959589796e-08
7.488574581952373e-09
4.867400027833864e-09
3.1636969159217383e-09
2.0563295302861353e-09
1.3365666237620477e-09
8.687371451737004e-10
5.646590830304063e-10
3.6701523428473756e-10
2.385514304188151e-10
1.550528732803829e-10
1.0078075952611504e-10
6.550512677672313e-11
