0.16666666666666663
0.06493506493506504
0.04892524863650935
0.03730321727987044
0.027957016481328825
0.02034534526573524
0.014375905261908909
0.009912410773813034
0.006709677948997163
0.004482170208048546
0.0029669353441862953
0.0019518284390732045
0.0012787365142112575
0.0008354739632202032
0.0005448831506060296
0.0003549455532643166
0.00023103904763524993
0.00015031095988087494
9.775829081932723e-05
6.356585455516905e-05
4.132699991823042e-05
2.6866100970794903e-05
1.7464248216072714e-05
1.135216148118324e-05
7.3789818236121454e-06
